name: detectron_env
channels:
  - pytorch
  - conda-forge
  - defaults
dependencies:
  - blas=1.0=mkl
  - brotli-python=1.0.9=py38hd77b12b_7
  - ca-certificates=2024.2.2=h56e8100_0
  - certifi=2024.2.2=pyhd8ed1ab_0
  - charset-normalizer=2.0.4=pyhd3eb1b0_0
  - cudatoolkit=11.2.2=h7d7167e_13
  - cudnn=8.1.0.77=h3e0f4f4_0
  - filelock=3.13.1=py38haa95532_0
  - freetype=2.12.1=ha860e81_0
  - gmpy2=2.1.2=py38h7f96b67_0
  - idna=3.4=py38haa95532_0
  - intel-openmp=2023.1.0=h59b6b97_46320
  - jinja2=3.1.3=py38haa95532_0
  - jpeg=9e=h2bbff1b_1
  - lerc=3.0=hd77b12b_0
  - libdeflate=1.17=h2bbff1b_1
  - libffi=3.4.4=hd77b12b_0
  - libjpeg-turbo=2.0.0=h196d8e1_0
  - libpng=1.6.39=h8cc25b3_0
  - libtiff=4.5.1=hd77b12b_0
  - libuv=1.44.2=h2bbff1b_0
  - libwebp-base=1.3.2=h2bbff1b_0
  - lz4-c=1.9.4=h2bbff1b_0
  - markupsafe=2.1.3=py38h2bbff1b_0
  - mkl=2023.1.0=h6b88ed4_46358
  - mkl-service=2.4.0=py38h2bbff1b_1
  - mkl_fft=1.3.8=py38h2bbff1b_0
  - mkl_random=1.2.4=py38h59b6b97_0
  - mpc=1.1.0=h7edee0f_1
  - mpfr=4.0.2=h62dcd97_1
  - mpir=3.0.0=hec2e145_1
  - mpmath=1.3.0=py38haa95532_0
  - networkx=3.1=py38haa95532_0
  - numpy=1.24.3=py38h79a8e48_1
  - numpy-base=1.24.3=py38h8a87ada_1
  - openjpeg=2.4.0=h4fc8c34_0
  - openssl=3.2.1=hcfcfb64_0
  - pillow=10.2.0=py38h2bbff1b_0
  - pip=23.3.1=py38haa95532_0
  - pysocks=1.7.1=py38haa95532_0
  - python=3.8.18=h1aa4202_0
  - pytorch-mutex=1.0=cpu
  - pyyaml=6.0.1=py38h2bbff1b_0
  - requests=2.31.0=py38haa95532_1
  - setuptools=68.2.2=py38haa95532_0
  - sqlite=3.41.2=h2bbff1b_0
  - sympy=1.12=py38haa95532_0
  - tbb=2021.8.0=h59b6b97_0
  - typing_extensions=4.9.0=py38haa95532_1
  - ucrt=10.0.22621.0=h57928b3_0
  - urllib3=2.1.0=py38haa95532_1
  - vc=14.2=h21ff451_1
  - vc14_runtime=14.38.33130=h82b7239_18
  - vs2015_runtime=14.38.33130=hcb4865c_18
  - wheel=0.41.2=py38haa95532_0
  - win_inet_pton=1.1.0=py38haa95532_0
  - xz=5.4.5=h8cc25b3_0
  - yaml=0.2.5=he774522_0
  - zlib=1.2.13=h8cc25b3_0
  - zstd=1.5.5=hd43e919_0
  - pip:
      - absl-py==2.1.0
      - antlr4-python3-runtime==4.9.3
      - black==24.2.0
      - cachetools==5.3.2
      - click==8.1.7
      - cloudpickle==3.0.0
      - colorama==0.4.6
      - contourpy==1.1.1
      - cycler==0.12.1
      - cython==3.0.8
      - defusedxml==0.7.1
      - fonttools==4.49.0
      - fsspec==2024.5.0
      - fvcore==0.1.5.post20221221
      - google-auth==2.28.1
      - google-auth-oauthlib==1.0.0
      - grpcio==1.62.0
      - huggingface-hub==0.23.2
      - hydra-core==1.3.2
      - importlib-metadata==7.0.1
      - importlib-resources==6.1.2
      - iopath==0.1.9
      - kiwisolver==1.4.5
      - markdown==3.5.2
      - matplotlib==3.7.5
      - mypy-extensions==1.0.0
      - oauthlib==3.2.2
      - omegaconf==2.3.0
      - opencv-python==4.9.0.80
      - opencv-python-headless==4.10.0.82
      - packaging==23.2
      - pathspec==0.12.1
      - platformdirs==4.2.0
      - portalocker==2.8.2
      - protobuf==4.25.3
      - pyarrow==15.0.0
      - pyasn1==0.5.1
      - pyasn1-modules==0.3.0
      - pycocotools==2.0.7
      - pylance==0.9.19
      - pyparsing==3.1.1
      - python-dateutil==2.8.2
      - pywin32==306
      - requests-oauthlib==1.3.1
      - rsa==4.9
      - safetensors==0.4.3
      - scipy==1.10.0
      - segment-anything==1.0
      - six==1.16.0
      - supervision==0.21.0
      - tabulate==0.9.0
      - tensorboard==2.14.0
      - tensorboard-data-server==0.7.2
      - termcolor==2.4.0
      - timm==1.0.3
      - tomli==2.0.1
      - torch==1.8.1+cu111
      - torchaudio==0.8.1
      - torchvision==0.9.1+cu111
      - tqdm==4.66.2
      - werkzeug==3.0.1
      - yacs==0.1.8
      - zipp==3.17.0
prefix: C:\Users\pmn27\AppData\Local\miniconda3\envs\detectron_env
